(kicad_pcb (version 20171130) (host pcbnew "(5.1.6)-1")

  (general
    (thickness 1.6)
    (drawings 37)
    (tracks 99)
    (zones 0)
    (modules 24)
    (nets 24)
  )

  (page A4)
  (title_block
    (title "Function Generator to Transmitter Power Amplifier Board")
    (date 2020-09-22)
    (rev 2)
    (company "Induced Polarization Associates, LLC")
    (comment 3 "routing board. ")
    (comment 4 "PCB layout for function generator to power amplifier")
  )

  (layers
    (0 F.Cu signal)
    (31 B.Cu signal)
    (32 B.Adhes user hide)
    (33 F.Adhes user hide)
    (34 B.Paste user hide)
    (35 F.Paste user hide)
    (36 B.SilkS user)
    (37 F.SilkS user)
    (38 B.Mask user hide)
    (39 F.Mask user hide)
    (40 Dwgs.User user)
    (41 Cmts.User user hide)
    (42 Eco1.User user hide)
    (43 Eco2.User user hide)
    (44 Edge.Cuts user)
    (45 Margin user hide)
    (46 B.CrtYd user)
    (47 F.CrtYd user)
    (48 B.Fab user)
    (49 F.Fab user hide)
  )

  (setup
    (last_trace_width 0.25)
    (trace_clearance 0.2)
    (zone_clearance 0.508)
    (zone_45_only no)
    (trace_min 0.2)
    (via_size 0.8)
    (via_drill 0.4)
    (via_min_size 0.4)
    (via_min_drill 0.3)
    (uvia_size 0.3)
    (uvia_drill 0.1)
    (uvias_allowed no)
    (uvia_min_size 0.2)
    (uvia_min_drill 0.1)
    (edge_width 0.05)
    (segment_width 0.2)
    (pcb_text_width 0.3)
    (pcb_text_size 1.5 1.5)
    (mod_edge_width 0.12)
    (mod_text_size 1 1)
    (mod_text_width 0.15)
    (pad_size 2.7813 2.7813)
    (pad_drill 1.8542)
    (pad_to_mask_clearance 0.05)
    (aux_axis_origin 0 0)
    (visible_elements 7FFFFFFF)
    (pcbplotparams
      (layerselection 0x010fc_ffffffff)
      (usegerberextensions true)
      (usegerberattributes false)
      (usegerberadvancedattributes true)
      (creategerberjobfile true)
      (excludeedgelayer true)
      (linewidth 0.100000)
      (plotframeref false)
      (viasonmask false)
      (mode 1)
      (useauxorigin false)
      (hpglpennumber 1)
      (hpglpenspeed 20)
      (hpglpendiameter 15.000000)
      (psnegative false)
      (psa4output false)
      (plotreference true)
      (plotvalue true)
      (plotinvisibletext false)
      (padsonsilk false)
      (subtractmaskfromsilk false)
      (outputformat 1)
      (mirror false)
      (drillshape 0)
      (scaleselection 1)
      (outputdirectory "to_fab_house_plots_for_pcbway/"))
  )

  (net 0 "")
  (net 1 GNDPWR)
  (net 2 "Net-(C1-Pad2)")
  (net 3 "Net-(C1-Pad1)")
  (net 4 "Net-(C2-Pad1)")
  (net 5 /TX2_IN)
  (net 6 /TX1_IN)
  (net 7 GNDS)
  (net 8 GNDREF)
  (net 9 /POWERAMP_IN_N)
  (net 10 "Net-(L1-PadP$9)")
  (net 11 "Net-(C2-Pad2)")
  (net 12 /POWERAMP_OUT_P)
  (net 13 /TX2_OUT)
  (net 14 /POWERAMP_IN_P)
  (net 15 /INSHUNT_N)
  (net 16 /INSHUNT_P)
  (net 17 /LOW_SHUNT__ISO_N)
  (net 18 /LOW_SHUNT__ISO_P)
  (net 19 /TX1_OUT)
  (net 20 /HI_SHUNT_N)
  (net 21 /HI_SHUNT_P)
  (net 22 "Net-(L1-PadP$2)")
  (net 23 "Net-(L2-PadP$4)")

  (net_class Default "This is the default net class."
    (clearance 0.2)
    (trace_width 0.25)
    (via_dia 0.8)
    (via_drill 0.4)
    (uvia_dia 0.3)
    (uvia_drill 0.1)
  )

  (net_class shunt ""
    (clearance 0.3)
    (trace_width 0.3)
    (via_dia 0.8)
    (via_drill 0.4)
    (uvia_dia 0.3)
    (uvia_drill 0.1)
    (diff_pair_width 0.6)
    (diff_pair_gap 0.4)
    (add_net /HI_SHUNT_N)
    (add_net /HI_SHUNT_P)
    (add_net /INSHUNT_N)
    (add_net /INSHUNT_P)
    (add_net /LOW_SHUNT__ISO_N)
    (add_net /LOW_SHUNT__ISO_P)
    (add_net "Net-(C2-Pad2)")
    (add_net "Net-(L2-PadP$4)")
  )

  (net_class sigpwr ""
    (clearance 0.6)
    (trace_width 1.2)
    (via_dia 2.5)
    (via_drill 2.1)
    (uvia_dia 0.3)
    (uvia_drill 0.1)
    (diff_pair_width 1.9)
    (diff_pair_gap 1.9)
    (add_net /POWERAMP_IN_N)
    (add_net /POWERAMP_IN_P)
    (add_net /POWERAMP_OUT_P)
    (add_net /TX1_IN)
    (add_net /TX1_OUT)
    (add_net /TX2_IN)
    (add_net /TX2_OUT)
    (add_net GNDPWR)
    (add_net GNDREF)
    (add_net GNDS)
    (add_net "Net-(C1-Pad1)")
    (add_net "Net-(C1-Pad2)")
    (add_net "Net-(C2-Pad1)")
    (add_net "Net-(L1-PadP$2)")
    (add_net "Net-(L1-PadP$9)")
  )

  (module MountingHole:MountingHole_3.2mm_M3_Pad_Via (layer F.Cu) (tedit 56DDBCCA) (tstamp 5F6BCAB8)
    (at 173.99 154.94)
    (descr "Mounting Hole 3.2mm, M3")
    (tags "mounting hole 3.2mm m3")
    (path /5F9CF560)
    (attr virtual)
    (fp_text reference H4 (at 0 -4.2) (layer F.Fab)
      (effects (font (size 1 1) (thickness 0.15)))
    )
    (fp_text value MountingHole (at 0 4.2) (layer F.Fab)
      (effects (font (size 1 1) (thickness 0.15)))
    )
    (fp_text user %R (at 0.3 0) (layer F.Fab)
      (effects (font (size 1 1) (thickness 0.15)))
    )
    (fp_circle (center 0 0) (end 3.2 0) (layer Cmts.User) (width 0.15))
    (fp_circle (center 0 0) (end 3.45 0) (layer F.CrtYd) (width 0.05))
    (pad 1 thru_hole circle (at 1.697056 -1.697056) (size 0.8 0.8) (drill 0.5) (layers *.Cu *.Mask))
    (pad 1 thru_hole circle (at 0 -2.4) (size 0.8 0.8) (drill 0.5) (layers *.Cu *.Mask))
    (pad 1 thru_hole circle (at -1.697056 -1.697056) (size 0.8 0.8) (drill 0.5) (layers *.Cu *.Mask))
    (pad 1 thru_hole circle (at -2.4 0) (size 0.8 0.8) (drill 0.5) (layers *.Cu *.Mask))
    (pad 1 thru_hole circle (at -1.697056 1.697056) (size 0.8 0.8) (drill 0.5) (layers *.Cu *.Mask))
    (pad 1 thru_hole circle (at 0 2.4) (size 0.8 0.8) (drill 0.5) (layers *.Cu *.Mask))
    (pad 1 thru_hole circle (at 1.697056 1.697056) (size 0.8 0.8) (drill 0.5) (layers *.Cu *.Mask))
    (pad 1 thru_hole circle (at 2.4 0) (size 0.8 0.8) (drill 0.5) (layers *.Cu *.Mask))
    (pad 1 thru_hole circle (at 0 0) (size 6.4 6.4) (drill 3.2) (layers *.Cu *.Mask))
  )
           
  (module MountingHole:MountingHole_3.2mm_M3_Pad_Via (layer F.Cu) (tedit 56DDBCCA) (tstamp 5F6BCAA8)
    (at 119.38 154.94)
    (descr "Mounting Hole 3.2mm, M3")
    (tags "mounting hole 3.2mm m3")
    (path /5F9CEF90)
    (attr virtual)
    (fp_text reference H3 (at 0 -4.2) (layer F.Fab)
      (effects (font (size 1 1) (thickness 0.15)))
    )
    (fp_text value MountingHole (at 0 4.2) (layer F.Fab)
      (effects (font (size 1 1) (thickness 0.15)))
    )
    (fp_text user %R (at 0.3 0) (layer F.Fab)
      (effects (font (size 1 1) (thickness 0.15)))
    )
    (fp_circle (center 0 0) (end 3.2 0) (layer Cmts.User) (width 0.15))
    (fp_circle (center 0 0) (end 3.45 0) (layer F.CrtYd) (width 0.05))
    (pad 1 thru_hole circle (at 1.697056 -1.697056) (size 0.8 0.8) (drill 0.5) (layers *.Cu *.Mask))
    (pad 1 thru_hole circle (at 0 -2.4) (size 0.8 0.8) (drill 0.5) (layers *.Cu *.Mask))
    (pad 1 thru_hole circle (at -1.697056 -1.697056) (size 0.8 0.8) (drill 0.5) (layers *.Cu *.Mask))
    (pad 1 thru_hole circle (at -2.4 0) (size 0.8 0.8) (drill 0.5) (layers *.Cu *.Mask))
    (pad 1 thru_hole circle (at -1.697056 1.697056) (size 0.8 0.8) (drill 0.5) (layers *.Cu *.Mask))
    (pad 1 thru_hole circle (at 0 2.4) (size 0.8 0.8) (drill 0.5) (layers *.Cu *.Mask))
    (pad 1 thru_hole circle (at 1.697056 1.697056) (size 0.8 0.8) (drill 0.5) (layers *.Cu *.Mask))
    (pad 1 thru_hole circle (at 2.4 0) (size 0.8 0.8) (drill 0.5) (layers *.Cu *.Mask))
    (pad 1 thru_hole circle (at 0 0) (size 6.4 6.4) (drill 3.2) (layers *.Cu *.Mask))
  )

  (module MountingHole:MountingHole_3.2mm_M3_Pad_Via (layer F.Cu) (tedit 56DDBCCA) (tstamp 5F6BCA98)
    (at 173.99 49.53)
    (descr "Mounting Hole 3.2mm, M3")
    (tags "mounting hole 3.2mm m3")
    (path /5F9D0AA7)
    (attr virtual)
    (fp_text reference H2 (at 0 -4.2) (layer F.SilkS)
      (effects (font (size 1 1) (thickness 0.15)))
    )
    (fp_text value MountingHole (at 0 4.2) (layer F.Fab)
      (effects (font (size 1 1) (thickness 0.15)))
    )
    (fp_text user %R (at 0.3 0) (layer F.Fab)
      (effects (font (size 1 1) (thickness 0.15)))
    )
    (fp_circle (center 0 0) (end 3.2 0) (layer Cmts.User) (width 0.15))
    (fp_circle (center 0 0) (end 3.45 0) (layer F.CrtYd) (width 0.05))
    (pad 1 thru_hole circle (at 1.697056 -1.697056) (size 0.8 0.8) (drill 0.5) (layers *.Cu *.Mask))
    (pad 1 thru_hole circle (at 0 -2.4) (size 0.8 0.8) (drill 0.5) (layers *.Cu *.Mask))
    (pad 1 thru_hole circle (at -1.697056 -1.697056) (size 0.8 0.8) (drill 0.5) (layers *.Cu *.Mask))
    (pad 1 thru_hole circle (at -2.4 0) (size 0.8 0.8) (drill 0.5) (layers *.Cu *.Mask))
    (pad 1 thru_hole circle (at -1.697056 1.697056) (size 0.8 0.8) (drill 0.5) (layers *.Cu *.Mask))
    (pad 1 thru_hole circle (at 0 2.4) (size 0.8 0.8) (drill 0.5) (layers *.Cu *.Mask))
    (pad 1 thru_hole circle (at 1.697056 1.697056) (size 0.8 0.8) (drill 0.5) (layers *.Cu *.Mask))
    (pad 1 thru_hole circle (at 2.4 0) (size 0.8 0.8) (drill 0.5) (layers *.Cu *.Mask))
    (pad 1 thru_hole circle (at 0 0) (size 6.4 6.4) (drill 3.2) (layers *.Cu *.Mask))
  )

  (module MountingHole:MountingHole_3.2mm_M3_Pad_Via (layer F.Cu) (tedit 56DDBCCA) (tstamp 5F6BCA88)
    (at 119.38 49.53)
    (descr "Mounting Hole 3.2mm, M3")
    (tags "mounting hole 3.2mm m3")
    (path /5F9D154E)
    (attr virtual)
    (fp_text reference H1 (at 0 -4.2) (layer F.Fab)
      (effects (font (size 1 1) (thickness 0.15)))
    )
    (fp_text value MountingHole (at 0 4.2) (layer F.Fab)
      (effects (font (size 1 1) (thickness 0.15)))
    )
    (fp_text user %R (at 0.3 0) (layer F.Fab)
      (effects (font (size 1 1) (thickness 0.15)))
    )
    (fp_circle (center 0 0) (end 3.2 0) (layer Cmts.User) (width 0.15))
    (fp_circle (center 0 0) (end 3.45 0) (layer F.CrtYd) (width 0.05))
    (pad 1 thru_hole circle (at 1.697056 -1.697056) (size 0.8 0.8) (drill 0.5) (layers *.Cu *.Mask))
    (pad 1 thru_hole circle (at 0 -2.4) (size 0.8 0.8) (drill 0.5) (layers *.Cu *.Mask))
    (pad 1 thru_hole circle (at -1.697056 -1.697056) (size 0.8 0.8) (drill 0.5) (layers *.Cu *.Mask))
    (pad 1 thru_hole circle (at -2.4 0) (size 0.8 0.8) (drill 0.5) (layers *.Cu *.Mask))
    (pad 1 thru_hole circle (at -1.697056 1.697056) (size 0.8 0.8) (drill 0.5) (layers *.Cu *.Mask))
    (pad 1 thru_hole circle (at 0 2.4) (size 0.8 0.8) (drill 0.5) (layers *.Cu *.Mask))
    (pad 1 thru_hole circle (at 1.697056 1.697056) (size 0.8 0.8) (drill 0.5) (layers *.Cu *.Mask))
    (pad 1 thru_hole circle (at 2.4 0) (size 0.8 0.8) (drill 0.5) (layers *.Cu *.Mask))
    (pad 1 thru_hole circle (at 0 0) (size 6.4 6.4) (drill 3.2) (layers *.Cu *.Mask))
  )

  (module WSL36373L000FEA:WSL36373L000FEA (layer F.Cu) (tedit 0) (tstamp 5F6BBF58)
    (at 158.75 111.76 90)
    (path /5F6AEFCD)
    (fp_text reference R10 (at 0 -6.35 270) (layer F.SilkS)
      (effects (font (size 1 1) (thickness 0.15)))
    )
    (fp_text value "WSL36373L000FEA (3mOhm)" (at 0 0 90) (layer F.Fab) hide
      (effects (font (size 1 1) (thickness 0.15)))
    )
    (fp_line (start 5.461 5.3086) (end -5.461 5.3086) (layer F.CrtYd) (width 0.1524))
    (fp_line (start 5.461 -5.3086) (end 5.461 5.3086) (layer F.CrtYd) (width 0.1524))
    (fp_line (start -5.461 -5.3086) (end 5.461 -5.3086) (layer F.CrtYd) (width 0.1524))
    (fp_line (start -5.461 5.3086) (end -5.461 -5.3086) (layer F.CrtYd) (width 0.1524))
    (fp_line (start -4.572 -4.699) (end -4.572 4.699) (layer F.Fab) (width 0.1524))
    (fp_line (start 4.572 -4.699) (end -4.572 -4.699) (layer F.Fab) (width 0.1524))
    (fp_line (start 4.572 4.699) (end 4.572 -4.699) (layer F.Fab) (width 0.1524))
    (fp_line (start -4.572 4.699) (end 4.572 4.699) (layer F.Fab) (width 0.1524))
    (fp_line (start 1.92786 -4.826) (end -1.92786 -4.826) (layer F.SilkS) (width 0.1524))
    (fp_line (start -1.92786 4.826) (end 1.92786 4.826) (layer F.SilkS) (width 0.1524))
    (fp_text user * (at 0 0 90) (layer F.Fab) hide
      (effects (font (size 1 1) (thickness 0.15)))
    )
    (fp_text user * (at 0 0 90) (layer F.Fab) hide
      (effects (font (size 1 1) (thickness 0.15)))
    )
    (fp_text user "Copyright 2016 Accelerated Designs. All rights reserved." (at 0 0 90) (layer Cmts.User) hide
      (effects (font (size 0.127 0.127) (thickness 0.002)))
    )
    (pad 4 smd rect (at 3.7338 1.2446 90) (size 2.9464 7.62) (layers F.Cu F.Paste F.Mask)
      (net 14 /POWERAMP_IN_P))
    (pad 3 smd rect (at 3.7338 -4.2164 90) (size 2.9464 1.6764) (layers F.Cu F.Paste F.Mask)
      (net 17 /LOW_SHUNT__ISO_N))
    (pad 2 smd rect (at -3.7338 -4.2164 90) (size 2.9464 1.6764) (layers F.Cu F.Paste F.Mask)
      (net 18 /LOW_SHUNT__ISO_P))
    (pad 1 smd rect (at -3.7338 1.2446 90) (size 2.9464 7.62) (layers F.Cu F.Paste F.Mask)
      (net 10 "Net-(L1-PadP$9)"))
  )

  (module WSL36373L000FEA:WSL36373L000FEA (layer F.Cu) (tedit 0) (tstamp 5F6BBFD0)
    (at 135.89 119.38 90)
    (path /5F6AD6E3)
    (fp_text reference R4 (at 0 -6.35 90) (layer F.SilkS)
      (effects (font (size 1 1) (thickness 0.15)))
    )
    (fp_text value "WSL36373L000FEA (3mOhm)" (at 0 0 90) (layer F.Fab) hide
      (effects (font (size 1 1) (thickness 0.15)))
    )
    (fp_line (start 5.461 5.3086) (end -5.461 5.3086) (layer F.CrtYd) (width 0.1524))
    (fp_line (start 5.461 -5.3086) (end 5.461 5.3086) (layer F.CrtYd) (width 0.1524))
    (fp_line (start -5.461 -5.3086) (end 5.461 -5.3086) (layer F.CrtYd) (width 0.1524))
    (fp_line (start -5.461 5.3086) (end -5.461 -5.3086) (layer F.CrtYd) (width 0.1524))
    (fp_line (start -4.572 -4.699) (end -4.572 4.699) (layer F.Fab) (width 0.1524))
    (fp_line (start 4.572 -4.699) (end -4.572 -4.699) (layer F.Fab) (width 0.1524))
    (fp_line (start 4.572 4.699) (end 4.572 -4.699) (layer F.Fab) (width 0.1524))
    (fp_line (start -4.572 4.699) (end 4.572 4.699) (layer F.Fab) (width 0.1524))
    (fp_line (start 1.92786 -4.826) (end -1.92786 -4.826) (layer F.SilkS) (width 0.1524))
    (fp_line (start -1.92786 4.826) (end 1.92786 4.826) (layer F.SilkS) (width 0.1524))
    (fp_text user * (at 0 0 90) (layer F.Fab) hide
      (effects (font (size 1 1) (thickness 0.15)))
    )
    (fp_text user * (at 0 0 90) (layer F.Fab) hide
      (effects (font (size 1 1) (thickness 0.15)))
    )
    (fp_text user "Copyright 2016 Accelerated Designs. All rights reserved." (at 0 0 90) (layer Cmts.User) hide
      (effects (font (size 0.127 0.127) (thickness 0.002)))
    )
    (pad 4 smd rect (at 3.7338 1.2446 90) (size 2.9464 7.62) (layers F.Cu F.Paste F.Mask)
      (net 22 "Net-(L1-PadP$2)"))
    (pad 3 smd rect (at 3.7338 -4.2164 90) (size 2.9464 1.6764) (layers F.Cu F.Paste F.Mask)
      (net 15 /INSHUNT_N))
    (pad 2 smd rect (at -3.7338 -4.2164 90) (size 2.9464 1.6764) (layers F.Cu F.Paste F.Mask)
      (net 16 /INSHUNT_P))
    (pad 1 smd rect (at -3.7338 1.2446 90) (size 2.9464 7.62) (layers F.Cu F.Paste F.Mask)
      (net 3 "Net-(C1-Pad1)"))
  )

  (module WSL36373L000FEA:WSL36373L000FEA (layer F.Cu) (tedit 0) (tstamp 5F6BBF94)
    (at 160.02 71.12 180)
    (path /5F6D8A38)
    (fp_text reference R3 (at 0 6.35) (layer F.SilkS)
      (effects (font (size 1 1) (thickness 0.15)))
    )
    (fp_text value "WSL36373L000FEA (3mOhm)" (at 0 0) (layer F.Fab) hide
      (effects (font (size 1 1) (thickness 0.15)))
    )
    (fp_line (start -1.92786 4.826) (end 1.92786 4.826) (layer F.SilkS) (width 0.1524))
    (fp_line (start 1.92786 -4.826) (end -1.92786 -4.826) (layer F.SilkS) (width 0.1524))
    (fp_line (start -4.572 4.699) (end 4.572 4.699) (layer F.Fab) (width 0.1524))
    (fp_line (start 4.572 4.699) (end 4.572 -4.699) (layer F.Fab) (width 0.1524))
    (fp_line (start 4.572 -4.699) (end -4.572 -4.699) (layer F.Fab) (width 0.1524))
    (fp_line (start -4.572 -4.699) (end -4.572 4.699) (layer F.Fab) (width 0.1524))
    (fp_line (start -5.461 5.3086) (end -5.461 -5.3086) (layer F.CrtYd) (width 0.1524))
    (fp_line (start -5.461 -5.3086) (end 5.461 -5.3086) (layer F.CrtYd) (width 0.1524))
    (fp_line (start 5.461 -5.3086) (end 5.461 5.3086) (layer F.CrtYd) (width 0.1524))
    (fp_line (start 5.461 5.3086) (end -5.461 5.3086) (layer F.CrtYd) (width 0.1524))
    (fp_text user "Copyright 2016 Accelerated Designs. All rights reserved." (at 0 0) (layer Cmts.User) hide
      (effects (font (size 0.127 0.127) (thickness 0.002)))
    )
    (fp_text user * (at 0 0) (layer B.Fab)
      (effects (font (size 1 1) (thickness 0.15)) (justify mirror))
    )
    (fp_text user * (at 0 0) (layer F.Fab)
      (effects (font (size 1 1) (thickness 0.15)))
    )
    (pad 1 smd rect (at -3.7338 1.2446 180) (size 2.9464 7.62) (layers F.Cu F.Paste F.Mask)
      (net 12 /POWERAMP_OUT_P))
    (pad 2 smd rect (at -3.7338 -4.2164 180) (size 2.9464 1.6764) (layers F.Cu F.Paste F.Mask)
      (net 11 "Net-(C2-Pad2)"))
    (pad 3 smd rect (at 3.7338 -4.2164 180) (size 2.9464 1.6764) (layers F.Cu F.Paste F.Mask)
      (net 23 "Net-(L2-PadP$4)"))
    (pad 4 smd rect (at 3.7338 1.2446 180) (size 2.9464 7.62) (layers F.Cu F.Paste F.Mask)
      (net 19 /TX1_OUT))
  )

  (module phoenix-6pos-1984659:1984659 (layer F.Cu) (tedit 0) (tstamp 5F6BC013)
    (at 170.18 113.03 90)
    (path /5F8227D9)
    (fp_text reference E1 (at 21.59 1.27 180) (layer F.SilkS)
      (effects (font (size 1 1) (thickness 0.15)))
    )
    (fp_text value "TO POWER AMP" (at 8.89 6.35 90) (layer F.SilkS)
      (effects (font (size 1 1) (thickness 0.15)))
    )
    (fp_line (start -1.981497 4.773201) (end 19.481503 4.773201) (layer F.SilkS) (width 0.1524))
    (fp_line (start 19.481503 4.773201) (end 19.481503 -3.176999) (layer F.SilkS) (width 0.1524))
    (fp_line (start 19.481503 -3.176999) (end -1.981497 -3.176999) (layer F.SilkS) (width 0.1524))
    (fp_line (start -1.981497 -3.176999) (end -1.981497 4.773201) (layer F.SilkS) (width 0.1524))
    (fp_line (start -1.854497 4.646201) (end 19.354503 4.646201) (layer F.Fab) (width 0.1524))
    (fp_line (start 19.354503 4.646201) (end 19.354503 -3.049999) (layer F.Fab) (width 0.1524))
    (fp_line (start 19.354503 -3.049999) (end -1.854497 -3.049999) (layer F.Fab) (width 0.1524))
    (fp_line (start -1.854497 -3.049999) (end -1.854497 4.646201) (layer F.Fab) (width 0.1524))
    (fp_line (start -2.108497 -3.303999) (end -2.108497 4.900201) (layer F.CrtYd) (width 0.1524))
    (fp_line (start -2.108497 4.900201) (end 19.608503 4.900201) (layer F.CrtYd) (width 0.1524))
    (fp_line (start 19.608503 4.900201) (end 19.608503 -3.303999) (layer F.CrtYd) (width 0.1524))
    (fp_line (start 19.608503 -3.303999) (end -2.108497 -3.303999) (layer F.CrtYd) (width 0.1524))
    (fp_circle (center 0 -1.905) (end 0.381 -1.905) (layer F.Fab) (width 0.1524))
    (fp_circle (center -3.759497 0) (end -3.378497 0) (layer F.SilkS) (width 0.1524))
    (fp_circle (center -3.759497 0) (end -3.378497 0) (layer B.SilkS) (width 0.1524))
    (fp_text user "Copyright 2016 Accelerated Designs. All rights reserved." (at 0 0 90) (layer Cmts.User) hide
      (effects (font (size 0.127 0.127) (thickness 0.002)))
    )
    (fp_text user * (at 0 0 90) (layer F.Fab) hide
      (effects (font (size 1 1) (thickness 0.15)))
    )
    (fp_text user * (at 0 0 90) (layer F.Fab) hide
      (effects (font (size 1 1) (thickness 0.15)))
    )
    (pad 1 thru_hole circle (at 0 0 90) (size 1.7018 1.7018) (drill 1.1938) (layers *.Cu *.Mask)
      (net 9 /POWERAMP_IN_N))
    (pad 2 thru_hole circle (at 3.500003 0 90) (size 1.7018 1.7018) (drill 1.1938) (layers *.Cu *.Mask)
      (net 14 /POWERAMP_IN_P))
    (pad 3 thru_hole circle (at 7.000004 0 90) (size 1.7018 1.7018) (drill 1.1938) (layers *.Cu *.Mask)
      (net 7 GNDS))
    (pad 4 thru_hole circle (at 10.500005 0 90) (size 1.7018 1.7018) (drill 1.1938) (layers *.Cu *.Mask)
      (net 8 GNDREF))
    (pad 5 thru_hole circle (at 14.000005 0 90) (size 1.7018 1.7018) (drill 1.1938) (layers *.Cu *.Mask)
      (net 13 /TX2_OUT))
    (pad 6 thru_hole circle (at 17.500006 0 90) (size 1.7018 1.7018) (drill 1.1938) (layers *.Cu *.Mask)
      (net 12 /POWERAMP_OUT_P))
  )

  (module Resistor_SMD:R_1206_3216Metric_Pad1.42x1.75mm_HandSolder (layer F.Cu) (tedit 5B301BBD) (tstamp 5F6BBF24)
    (at 132.08 83.82 270)
    (descr "Resistor SMD 1206 (3216 Metric), square (rectangular) end terminal, IPC_7351 nominal with elongated pad for handsoldering. (Body size source: http://www.tortai-tech.com/upload/download/2011102023233369053.pdf), generated with kicad-footprint-generator")
    (tags "resistor handsolder")
    (path /5F6E062F)
    (attr smd)
    (fp_text reference R9 (at 0 -1.82 90) (layer F.SilkS)
      (effects (font (size 1 1) (thickness 0.15)))
    )
    (fp_text value 70R (at 0 1.82 90) (layer F.Fab)
      (effects (font (size 1 1) (thickness 0.15)))
    )
    (fp_line (start 2.45 1.12) (end -2.45 1.12) (layer F.CrtYd) (width 0.05))
    (fp_line (start 2.45 -1.12) (end 2.45 1.12) (layer F.CrtYd) (width 0.05))
    (fp_line (start -2.45 -1.12) (end 2.45 -1.12) (layer F.CrtYd) (width 0.05))
    (fp_line (start -2.45 1.12) (end -2.45 -1.12) (layer F.CrtYd) (width 0.05))
    (fp_line (start -0.602064 0.91) (end 0.602064 0.91) (layer F.SilkS) (width 0.12))
    (fp_line (start -0.602064 -0.91) (end 0.602064 -0.91) (layer F.SilkS) (width 0.12))
    (fp_line (start 1.6 0.8) (end -1.6 0.8) (layer F.Fab) (width 0.1))
    (fp_line (start 1.6 -0.8) (end 1.6 0.8) (layer F.Fab) (width 0.1))
    (fp_line (start -1.6 -0.8) (end 1.6 -0.8) (layer F.Fab) (width 0.1))
    (fp_line (start -1.6 0.8) (end -1.6 -0.8) (layer F.Fab) (width 0.1))
    (fp_text user %R (at 0 0 90) (layer F.Fab)
      (effects (font (size 0.8 0.8) (thickness 0.12)))
    )
    (pad 1 smd roundrect (at -1.4875 0 270) (size 1.425 1.75) (layers F.Cu F.Paste F.Mask) (roundrect_rratio 0.175439)
      (net 20 /HI_SHUNT_N))
    (pad 2 smd roundrect (at 1.4875 0 270) (size 1.425 1.75) (layers F.Cu F.Paste F.Mask) (roundrect_rratio 0.175439)
      (net 21 /HI_SHUNT_P))
    (model ${KISYS3DMOD}/Resistor_SMD.3dshapes/R_1206_3216Metric.wrl
      (at (xyz 0 0 0))
      (scale (xyz 1 1 1))
      (rotate (xyz 0 0 0))
    )
  )

  (module Resistor_SMD:R_1206_3216Metric_Pad1.42x1.75mm_HandSolder (layer F.Cu) (tedit 5B301BBD) (tstamp 5F6BBEF4)
    (at 170.18 124.46 180)
    (descr "Resistor SMD 1206 (3216 Metric), square (rectangular) end terminal, IPC_7351 nominal with elongated pad for handsoldering. (Body size source: http://www.tortai-tech.com/upload/download/2011102023233369053.pdf), generated with kicad-footprint-generator")
    (tags "resistor handsolder")
    (path /5F78F8AA)
    (attr smd)
    (fp_text reference R8 (at 0 -1.82) (layer F.SilkS)
      (effects (font (size 1 1) (thickness 0.15)))
    )
    (fp_text value 1M (at 0 1.82) (layer F.Fab)
      (effects (font (size 1 1) (thickness 0.15)))
    )
    (fp_line (start -1.6 0.8) (end -1.6 -0.8) (layer F.Fab) (width 0.1))
    (fp_line (start -1.6 -0.8) (end 1.6 -0.8) (layer F.Fab) (width 0.1))
    (fp_line (start 1.6 -0.8) (end 1.6 0.8) (layer F.Fab) (width 0.1))
    (fp_line (start 1.6 0.8) (end -1.6 0.8) (layer F.Fab) (width 0.1))
    (fp_line (start -0.602064 -0.91) (end 0.602064 -0.91) (layer F.SilkS) (width 0.12))
    (fp_line (start -0.602064 0.91) (end 0.602064 0.91) (layer F.SilkS) (width 0.12))
    (fp_line (start -2.45 1.12) (end -2.45 -1.12) (layer F.CrtYd) (width 0.05))
    (fp_line (start -2.45 -1.12) (end 2.45 -1.12) (layer F.CrtYd) (width 0.05))
    (fp_line (start 2.45 -1.12) (end 2.45 1.12) (layer F.CrtYd) (width 0.05))
    (fp_line (start 2.45 1.12) (end -2.45 1.12) (layer F.CrtYd) (width 0.05))
    (fp_text user %R (at 0 0) (layer F.Fab)
      (effects (font (size 0.8 0.8) (thickness 0.12)))
    )
    (pad 2 smd roundrect (at 1.4875 0 180) (size 1.425 1.75) (layers F.Cu F.Paste F.Mask) (roundrect_rratio 0.175439)
      (net 9 /POWERAMP_IN_N))
    (pad 1 smd roundrect (at -1.4875 0 180) (size 1.425 1.75) (layers F.Cu F.Paste F.Mask) (roundrect_rratio 0.175439)
      (net 8 GNDREF))
    (model ${KISYS3DMOD}/Resistor_SMD.3dshapes/R_1206_3216Metric.wrl
      (at (xyz 0 0 0))
      (scale (xyz 1 1 1))
      (rotate (xyz 0 0 0))
    )
  )

  (module Resistor_SMD:R_1206_3216Metric_Pad1.42x1.75mm_HandSolder (layer F.Cu) (tedit 5B301BBD) (tstamp 5F6BBE64)
    (at 166.37 120.65 180)
    (descr "Resistor SMD 1206 (3216 Metric), square (rectangular) end terminal, IPC_7351 nominal with elongated pad for handsoldering. (Body size source: http://www.tortai-tech.com/upload/download/2011102023233369053.pdf), generated with kicad-footprint-generator")
    (tags "resistor handsolder")
    (path /5F6E025E)
    (attr smd)
    (fp_text reference R7 (at 0 -1.82) (layer F.SilkS)
      (effects (font (size 1 1) (thickness 0.15)))
    )
    (fp_text value 70R (at 0 1.82) (layer F.Fab)
      (effects (font (size 1 1) (thickness 0.15)))
    )
    (fp_line (start -1.6 0.8) (end -1.6 -0.8) (layer F.Fab) (width 0.1))
    (fp_line (start -1.6 -0.8) (end 1.6 -0.8) (layer F.Fab) (width 0.1))
    (fp_line (start 1.6 -0.8) (end 1.6 0.8) (layer F.Fab) (width 0.1))
    (fp_line (start 1.6 0.8) (end -1.6 0.8) (layer F.Fab) (width 0.1))
    (fp_line (start -0.602064 -0.91) (end 0.602064 -0.91) (layer F.SilkS) (width 0.12))
    (fp_line (start -0.602064 0.91) (end 0.602064 0.91) (layer F.SilkS) (width 0.12))
    (fp_line (start -2.45 1.12) (end -2.45 -1.12) (layer F.CrtYd) (width 0.05))
    (fp_line (start -2.45 -1.12) (end 2.45 -1.12) (layer F.CrtYd) (width 0.05))
    (fp_line (start 2.45 -1.12) (end 2.45 1.12) (layer F.CrtYd) (width 0.05))
    (fp_line (start 2.45 1.12) (end -2.45 1.12) (layer F.CrtYd) (width 0.05))
    (fp_text user %R (at 0 0) (layer F.Fab)
      (effects (font (size 0.8 0.8) (thickness 0.12)))
    )
    (pad 2 smd roundrect (at 1.4875 0 180) (size 1.425 1.75) (layers F.Cu F.Paste F.Mask) (roundrect_rratio 0.175439)
      (net 10 "Net-(L1-PadP$9)"))
    (pad 1 smd roundrect (at -1.4875 0 180) (size 1.425 1.75) (layers F.Cu F.Paste F.Mask) (roundrect_rratio 0.175439)
      (net 9 /POWERAMP_IN_N))
    (model ${KISYS3DMOD}/Resistor_SMD.3dshapes/R_1206_3216Metric.wrl
      (at (xyz 0 0 0))
      (scale (xyz 1 1 1))
      (rotate (xyz 0 0 0))
    )
  )

  (module Resistor_SMD:R_1206_3216Metric_Pad1.42x1.75mm_HandSolder (layer F.Cu) (tedit 5B301BBD) (tstamp 5F6BBE04)
    (at 132.08 140.97 90)
    (descr "Resistor SMD 1206 (3216 Metric), square (rectangular) end terminal, IPC_7351 nominal with elongated pad for handsoldering. (Body size source: http://www.tortai-tech.com/upload/download/2011102023233369053.pdf), generated with kicad-footprint-generator")
    (tags "resistor handsolder")
    (path /5F700293)
    (attr smd)
    (fp_text reference R6 (at 0 -1.82 90) (layer F.SilkS)
      (effects (font (size 1 1) (thickness 0.15)))
    )
    (fp_text value 1M (at 0 1.82 90) (layer F.Fab)
      (effects (font (size 1 1) (thickness 0.15)))
    )
    (fp_line (start -1.6 0.8) (end -1.6 -0.8) (layer F.Fab) (width 0.1))
    (fp_line (start -1.6 -0.8) (end 1.6 -0.8) (layer F.Fab) (width 0.1))
    (fp_line (start 1.6 -0.8) (end 1.6 0.8) (layer F.Fab) (width 0.1))
    (fp_line (start 1.6 0.8) (end -1.6 0.8) (layer F.Fab) (width 0.1))
    (fp_line (start -0.602064 -0.91) (end 0.602064 -0.91) (layer F.SilkS) (width 0.12))
    (fp_line (start -0.602064 0.91) (end 0.602064 0.91) (layer F.SilkS) (width 0.12))
    (fp_line (start -2.45 1.12) (end -2.45 -1.12) (layer F.CrtYd) (width 0.05))
    (fp_line (start -2.45 -1.12) (end 2.45 -1.12) (layer F.CrtYd) (width 0.05))
    (fp_line (start 2.45 -1.12) (end 2.45 1.12) (layer F.CrtYd) (width 0.05))
    (fp_line (start 2.45 1.12) (end -2.45 1.12) (layer F.CrtYd) (width 0.05))
    (fp_text user %R (at 0 0 90) (layer F.Fab)
      (effects (font (size 0.8 0.8) (thickness 0.12)))
    )
    (pad 2 smd roundrect (at 1.4875 0 90) (size 1.425 1.75) (layers F.Cu F.Paste F.Mask) (roundrect_rratio 0.175439)
      (net 5 /TX2_IN))
    (pad 1 smd roundrect (at -1.4875 0 90) (size 1.425 1.75) (layers F.Cu F.Paste F.Mask) (roundrect_rratio 0.175439)
      (net 1 GNDPWR))
    (model ${KISYS3DMOD}/Resistor_SMD.3dshapes/R_1206_3216Metric.wrl
      (at (xyz 0 0 0))
      (scale (xyz 1 1 1))
      (rotate (xyz 0 0 0))
    )
    (fp_text user 5 (at 4.445 -0.635 270) (layer B.SilkS)
      (effects (font (size 1 1) (thickness 0.015)) (justify mirror))
    )
    (fp_text user 6 (at 4.445 4.445 270) (layer B.SilkS)
      (effects (font (size 1 1) (thickness 0.015)) (justify mirror))
    )
    (fp_line (start -5.715 6.35) (end 5.715 6.35) (layer B.SilkS) (width 0.127))
    (fp_line (start 5.715 6.35) (end 5.715 -6.35) (layer B.SilkS) (width 0.127))
    (fp_line (start 5.715 -6.35) (end -0.635 -6.35) (layer B.SilkS) (width 0.127))
    (fp_line (start -0.635 -6.35) (end -5.715 -6.35) (layer B.SilkS) (width 0.127))
    (fp_line (start -5.715 -6.35) (end -5.715 -2.54) (layer B.SilkS) (width 0.127))
    (fp_line (start -5.715 -2.54) (end -5.715 6.35) (layer B.SilkS) (width 0.127))
    (fp_line (start -5.715 -2.54) (end -0.635 -2.54) (layer B.SilkS) (width 0.127))
    (fp_line (start -0.635 -2.54) (end -0.635 -6.35) (layer B.SilkS) (width 0.127))
    (pad 2 thru_hole circle (at -2.413 0 90) (size 2.7813 2.7813) (drill 1.8542) (layers *.Cu *.Mask)
      (net 8 /TXN-IN2))
    (pad 5 thru_hole circle (at 2.413 0 90) (size 2.7813 2.7813) (drill 1.8542) (layers *.Cu *.Mask)
      (net 10 /TXP-IN))
    (pad 3 thru_hole circle (at -2.413 4.699 90) (size 2.7813 2.7813) (drill 1.8542) (layers *.Cu *.Mask)
      (net 5 /TXN-ISO))
    (pad 1 thru_hole circle (at -2.413 -4.699 90) (size 2.7813 2.7813) (drill 1.8542) (layers *.Cu *.Mask)
      (net 2 /TXN-DIRECT))
    (pad 6 thru_hole circle (at 2.413 4.699 90) (size 2.7813 2.7813) (drill 1.8542) (layers *.Cu *.Mask)
      (net 4 /TXP-ISO))
    (pad 4 thru_hole circle (at 2.413 -4.699 90) (size 2.7813 2.7813) (drill 1.8542) (layers *.Cu *.Mask)
      (net 3 /TXP-DIRECT))
  )

  (module Resistor_SMD:R_1206_3216Metric_Pad1.42x1.75mm_HandSolder (layer F.Cu) (tedit 5B301BBD) (tstamp 5F6BBE94)
    (at 157.48 83.82 270)
    (descr "Resistor SMD 1206 (3216 Metric), square (rectangular) end terminal, IPC_7351 nominal with elongated pad for handsoldering. (Body size source: http://www.tortai-tech.com/upload/download/2011102023233369053.pdf), generated with kicad-footprint-generator")
    (tags "resistor handsolder")
    (path /5F7DAA75)
    (attr smd)
    (fp_text reference R5 (at 3.81 0 90) (layer F.SilkS)
      (effects (font (size 1 1) (thickness 0.15)))
    )
    (fp_text value 1M (at 0 1.82 90) (layer F.Fab)
      (effects (font (size 1 1) (thickness 0.15)))
    )
    (fp_line (start 2.45 1.12) (end -2.45 1.12) (layer F.CrtYd) (width 0.05))
    (fp_line (start 2.45 -1.12) (end 2.45 1.12) (layer F.CrtYd) (width 0.05))
    (fp_line (start -2.45 -1.12) (end 2.45 -1.12) (layer F.CrtYd) (width 0.05))
    (fp_line (start -2.45 1.12) (end -2.45 -1.12) (layer F.CrtYd) (width 0.05))
    (fp_line (start -0.602064 0.91) (end 0.602064 0.91) (layer F.SilkS) (width 0.12))
    (fp_line (start -0.602064 -0.91) (end 0.602064 -0.91) (layer F.SilkS) (width 0.12))
    (fp_line (start 1.6 0.8) (end -1.6 0.8) (layer F.Fab) (width 0.1))
    (fp_line (start 1.6 -0.8) (end 1.6 0.8) (layer F.Fab) (width 0.1))
    (fp_line (start -1.6 -0.8) (end 1.6 -0.8) (layer F.Fab) (width 0.1))
    (fp_line (start -1.6 0.8) (end -1.6 -0.8) (layer F.Fab) (width 0.1))
    (fp_text user %R (at 0 0 90) (layer F.Fab)
      (effects (font (size 0.8 0.8) (thickness 0.12)))
    )
    (pad 1 smd roundrect (at -1.4875 0 270) (size 1.425 1.75) (layers F.Cu F.Paste F.Mask) (roundrect_rratio 0.175439)
      (net 23 "Net-(L2-PadP$4)"))
    (pad 2 smd roundrect (at 1.4875 0 270) (size 1.425 1.75) (layers F.Cu F.Paste F.Mask) (roundrect_rratio 0.175439)
      (net 4 "Net-(C2-Pad1)"))
    (model ${KISYS3DMOD}/Resistor_SMD.3dshapes/R_1206_3216Metric.wrl
      (at (xyz 0 0 0))
      (scale (xyz 1 1 1))
      (rotate (xyz 0 0 0))
    )
  )

  (module Resistor_SMD:R_1206_3216Metric_Pad1.42x1.75mm_HandSolder (layer F.Cu) (tedit 5B301BBD) (tstamp 5F6BD292)
    (at 132.08 127)
    (descr "Resistor SMD 1206 (3216 Metric), square (rectangular) end terminal, IPC_7351 nominal with elongated pad for handsoldering. (Body size source: http://www.tortai-tech.com/upload/download/2011102023233369053.pdf), generated with kicad-footprint-generator")
    (tags "resistor handsolder")
    (path /5F6ACCDA)
    (attr smd)
    (fp_text reference R2 (at 3.81 0) (layer F.SilkS)
      (effects (font (size 1 1) (thickness 0.15)))
    )
    (fp_text value 1M (at 0 1.82) (layer F.Fab)
      (effects (font (size 1 1) (thickness 0.15)))
    )
    (fp_line (start -1.6 0.8) (end -1.6 -0.8) (layer F.Fab) (width 0.1))
    (fp_line (start -1.6 -0.8) (end 1.6 -0.8) (layer F.Fab) (width 0.1))
    (fp_line (start 1.6 -0.8) (end 1.6 0.8) (layer F.Fab) (width 0.1))
    (fp_line (start 1.6 0.8) (end -1.6 0.8) (layer F.Fab) (width 0.1))
    (fp_line (start -0.602064 -0.91) (end 0.602064 -0.91) (layer F.SilkS) (width 0.12))
    (fp_line (start -0.602064 0.91) (end 0.602064 0.91) (layer F.SilkS) (width 0.12))
    (fp_line (start -2.45 1.12) (end -2.45 -1.12) (layer F.CrtYd) (width 0.05))
    (fp_line (start -2.45 -1.12) (end 2.45 -1.12) (layer F.CrtYd) (width 0.05))
    (fp_line (start 2.45 -1.12) (end 2.45 1.12) (layer F.CrtYd) (width 0.05))
    (fp_line (start 2.45 1.12) (end -2.45 1.12) (layer F.CrtYd) (width 0.05))
    (fp_text user %R (at 0 0) (layer F.Fab)
      (effects (font (size 0.8 0.8) (thickness 0.12)))
    )
    (pad 2 smd roundrect (at 1.4875 0) (size 1.425 1.75) (layers F.Cu F.Paste F.Mask) (roundrect_rratio 0.175439)
      (net 3 "Net-(C1-Pad1)"))
    (pad 1 smd roundrect (at -1.4875 0) (size 1.425 1.75) (layers F.Cu F.Paste F.Mask) (roundrect_rratio 0.175439)
      (net 1 GNDPWR))
    (model ${KISYS3DMOD}/Resistor_SMD.3dshapes/R_1206_3216Metric.wrl
      (at (xyz 0 0 0))
      (scale (xyz 1 1 1))
      (rotate (xyz 0 0 0))
    )
    (pad 1 smd rect (at -3.7338 1.2446 180) (size 2.9464 7.62) (layers F.Cu F.Paste F.Mask)
      (net 8 /TXN-IN2))
    (pad 2 smd rect (at -3.7338 -4.2164 180) (size 2.9464 1.6764) (layers F.Cu F.Paste F.Mask)
      (net 6 /TXSP-IN))
    (pad 3 smd rect (at 3.7338 -4.2164 180) (size 2.9464 1.6764) (layers F.Cu F.Paste F.Mask)
      (net 7 /TXSN-IN))
    (pad 4 smd rect (at 3.7338 1.2446 180) (size 2.9464 7.62) (layers F.Cu F.Paste F.Mask)
      (net 9 /TXN-IN))
  )

  (module Resistor_SMD:R_1206_3216Metric_Pad1.42x1.75mm_HandSolder (layer F.Cu) (tedit 5B301BBD) (tstamp 5F6BBEC4)
    (at 127 130.81 180)
    (descr "Resistor SMD 1206 (3216 Metric), square (rectangular) end terminal, IPC_7351 nominal with elongated pad for handsoldering. (Body size source: http://www.tortai-tech.com/upload/download/2011102023233369053.pdf), generated with kicad-footprint-generator")
    (tags "resistor handsolder")
    (path /5F6AC344)
    (attr smd)
    (fp_text reference R1 (at 3.81 0) (layer F.SilkS)
      (effects (font (size 1 1) (thickness 0.15)))
    )
    (fp_text value 100K (at 0 1.82) (layer F.Fab)
      (effects (font (size 1 1) (thickness 0.15)))
    )
    (fp_line (start -1.6 0.8) (end -1.6 -0.8) (layer F.Fab) (width 0.1))
    (fp_line (start -1.6 -0.8) (end 1.6 -0.8) (layer F.Fab) (width 0.1))
    (fp_line (start 1.6 -0.8) (end 1.6 0.8) (layer F.Fab) (width 0.1))
    (fp_line (start 1.6 0.8) (end -1.6 0.8) (layer F.Fab) (width 0.1))
    (fp_line (start -0.602064 -0.91) (end 0.602064 -0.91) (layer F.SilkS) (width 0.12))
    (fp_line (start -0.602064 0.91) (end 0.602064 0.91) (layer F.SilkS) (width 0.12))
    (fp_line (start -2.45 1.12) (end -2.45 -1.12) (layer F.CrtYd) (width 0.05))
    (fp_line (start -2.45 -1.12) (end 2.45 -1.12) (layer F.CrtYd) (width 0.05))
    (fp_line (start 2.45 -1.12) (end 2.45 1.12) (layer F.CrtYd) (width 0.05))
    (fp_line (start 2.45 1.12) (end -2.45 1.12) (layer F.CrtYd) (width 0.05))
    (fp_text user %R (at 0 0) (layer F.Fab)
      (effects (font (size 0.8 0.8) (thickness 0.12)))
    )
    (pad 2 smd roundrect (at 1.4875 0 180) (size 1.425 1.75) (layers F.Cu F.Paste F.Mask) (roundrect_rratio 0.175439)
      (net 6 /TX1_IN))
    (pad 1 smd roundrect (at -1.4875 0 180) (size 1.425 1.75) (layers F.Cu F.Paste F.Mask) (roundrect_rratio 0.175439)
      (net 2 "Net-(C1-Pad2)"))
    (model ${KISYS3DMOD}/Resistor_SMD.3dshapes/R_1206_3216Metric.wrl
      (at (xyz 0 0 0))
      (scale (xyz 1 1 1))
      (rotate (xyz 0 0 0))
    )
  )

  (module amphenol-isolated-pcb-mount-bnc:CONN_1-1337543-0 (layer B.Cu) (tedit 5F63BB68) (tstamp 5F6A967D)
    (at 127 85.09)
    (path /5F6A2C2D)
    (fp_text reference J5 (at -29.881025 6.897945) (layer B.SilkS)
      (effects (font (size 1.001882 1.001882) (thickness 0.015)) (justify mirror))
    )
    (fp_text value 1-1337543-0 (at -22.86126 -6.62115) (layer B.Fab)
      (effects (font (size 1.000929 1.000929) (thickness 0.015)) (justify mirror))
    )
    (fp_line (start -12.38 7.35) (end 2.02 7.35) (layer B.SilkS) (width 0.127))
    (fp_line (start 2.02 7.35) (end 2.02 -7.35) (layer B.SilkS) (width 0.127))
    (fp_line (start 2.02 -7.35) (end -12.38 -7.35) (layer B.SilkS) (width 0.127))
    (fp_line (start -12.38 -7.35) (end -12.38 -5.5) (layer B.SilkS) (width 0.127))
    (fp_line (start -12.38 -5.5) (end -12.38 5.5) (layer B.SilkS) (width 0.127))
    (fp_line (start -12.38 5.5) (end -12.38 7.35) (layer B.SilkS) (width 0.127))
    (fp_line (start -12.38 7.35) (end 2.02 7.35) (layer B.Fab) (width 0.127))
    (fp_line (start 2.02 7.35) (end 2.02 -7.35) (layer B.Fab) (width 0.127))
    (fp_line (start 2.02 -7.35) (end -12.38 -7.35) (layer B.Fab) (width 0.127))
    (fp_line (start -12.38 -7.35) (end -12.38 -5.5) (layer B.Fab) (width 0.127))
    (fp_line (start -12.38 -5.5) (end -12.38 5.5) (layer B.Fab) (width 0.127))
    (fp_line (start -12.38 5.5) (end -12.38 7.35) (layer B.Fab) (width 0.127))
    (fp_line (start -12.38 5.5) (end -13 5.5) (layer B.Fab) (width 0.127))
    (fp_line (start -13 5.5) (end -13.5 5.5) (layer B.Fab) (width 0.127))
    (fp_line (start -13.5 5.5) (end -14 5.5) (layer B.Fab) (width 0.127))
    (fp_line (start -14 5.5) (end -14.5 5.5) (layer B.Fab) (width 0.127))
    (fp_line (start -14.5 5.5) (end -15 5.5) (layer B.Fab) (width 0.127))
    (fp_line (start -15 5.5) (end -15.5 5.5) (layer B.Fab) (width 0.127))
    (fp_line (start -15.5 5.5) (end -16 5.5) (layer B.Fab) (width 0.127))
    (fp_line (start -16 5.5) (end -16.5 5.5) (layer B.Fab) (width 0.127))
    (fp_line (start -16.5 5.5) (end -17 5.5) (layer B.Fab) (width 0.127))
    (fp_line (start -17 5.5) (end -17.5 5.5) (layer B.Fab) (width 0.127))
    (fp_line (start -17.5 5.5) (end -18 5.5) (layer B.Fab) (width 0.127))
    (fp_line (start -18 5.5) (end -18.5 5.5) (layer B.Fab) (width 0.127))
    (fp_line (start -18.5 5.5) (end -19 5.5) (layer B.Fab) (width 0.127))
    (fp_line (start -19 5.5) (end -19.5 5.5) (layer B.Fab) (width 0.127))
    (fp_line (start -19.5 5.5) (end -20 5.5) (layer B.Fab) (width 0.127))
    (fp_line (start -20 5.5) (end -20.5 5.5) (layer B.Fab) (width 0.127))
    (fp_line (start -20.5 5.5) (end -20.9 5.5) (layer B.Fab) (width 0.127))
    (fp_line (start -20.9 -5.5) (end -20.5 -5.5) (layer B.Fab) (width 0.127))
    (fp_line (start -20.5 -5.5) (end -20 -5.5) (layer B.Fab) (width 0.127))
    (fp_line (start -20 -5.5) (end -19.5 -5.5) (layer B.Fab) (width 0.127))
    (fp_line (start -19.5 -5.5) (end -19 -5.5) (layer B.Fab) (width 0.127))
    (fp_line (start -19 -5.5) (end -18.5 -5.5) (layer B.Fab) (width 0.127))
    (fp_line (start -18.5 -5.5) (end -18 -5.5) (layer B.Fab) (width 0.127))
    (fp_line (start -18 -5.5) (end -17.5 -5.5) (layer B.Fab) (width 0.127))
    (fp_line (start -17.5 -5.5) (end -17 -5.5) (layer B.Fab) (width 0.127))
    (fp_line (start -17 -5.5) (end -16.5 -5.5) (layer B.Fab) (width 0.127))
    (fp_line (start -16.5 -5.5) (end -16 -5.5) (layer B.Fab) (width 0.127))
    (fp_line (start -16 -5.5) (end -15.5 -5.5) (layer B.Fab) (width 0.127))
    (fp_line (start -15.5 -5.5) (end -15 -5.5) (layer B.Fab) (width 0.127))
    (fp_line (start -15 -5.5) (end -14.5 -5.5) (layer B.Fab) (width 0.127))
    (fp_line (start -14.5 -5.5) (end -14 -5.5) (layer B.Fab) (width 0.127))
    (fp_line (start -14 -5.5) (end -13.5 -5.5) (layer B.Fab) (width 0.127))
